freq  i  field  SR124
5.0 3.03484 597.7497036 1.2074971
5.0 3.00484 592.0410036 1.12394423969
5.0 2.97484 586.3323036 1.19265759585
5.0 2.94484 580.6236036 1.20717450208
5.0 2.91484 574.9149036 1.14813908341
5.0 2.88484 569.2062036 1.18588303961
5.0 2.85484 563.4975036 1.14620349591
5.0 2.82484 557.7888036 1.145880898
5.0 2.79484 552.0801036 1.19265759585
5.0 2.76484 546.3714036 1.22685297497
5.0 2.73484 540.6627036 1.15749442298
5.0 2.70484 534.9540036 1.1897542146
5.0 2.67484 529.2453036 1.15523623757
5.0 2.64484 523.5366036 1.13749335217
5.0 2.61484 517.8279036 1.1042657668
5.0 2.58484 512.1192036 1.14781648549
5.0 2.55484 506.4105036 1.22846596455
5.0 2.52484 500.7018036 1.10845953971
5.0 2.50933 497.7504057 1.09265224182
5.0 2.5067 497.249943 1.06426362519
5.0 2.50407 496.7494803 1.10781434388
5.0 2.50144 496.2490176 1.2055615125
5.0 2.49881 495.7485549 1.08265170641
5.0 2.49618 495.2480922 1.13329957926
5.0 2.49355 494.7476295 1.15297805215
5.0 2.49092 494.2471668 1.14813908341
5.0 2.48829 493.7467041 1.07716754184
5.0 2.48566 493.2462414 1.12846061052
5.0 2.48303 492.7457787 1.10297537514
5.0 2.4804 492.245316 1.13717075426
5.0 2.47777 491.7448533 1.19491578126
5.0 2.47514 491.2443906 1.05587607936
5.0 2.47251 490.7439279 1.16749495838
5.0 2.46988 490.2434652 1.07200597518
5.0 2.46725 489.7430025 1.15749442298
5.0 2.46462 489.2425398 1.08458729391
5.0 2.46199 488.7420771 1.07813533559
5.0 2.45936 488.2416144 1.07523195434
5.0 2.45673 487.7411517 1.02942305023
5.0 2.4541 487.240689 1.10362057097
5.0 2.45147 486.7402263 1.08007092308
5.0 2.44884 486.2397636 1.06619921268
5.0 2.44621 485.7393009 1.1200730647
5.0 2.44358 485.2388382 1.10168498347
5.0 2.44095 484.7383755 1.04490775021
5.0 2.43832 484.2379128 1.09974939597
5.0 2.43569 483.7374501 1.04748853354
5.0 2.43306 483.2369874 1.12942840427
5.0 2.43043 482.7365247 1.0387783898
5.0 2.4278 482.236062 1.02522927732
5.0 2.42517 481.7355993 1.00845418568
5.0 2.42254 481.2351366 1.018777319
5.0 2.41991 480.7346739 1.01168016484
5.0 2.41728 480.2342112 1.04523034813
5.0 2.41465 479.7337485 1.04587554396
5.0 2.41202 479.2332858 1.0823291085
5.0 2.40939 478.7328231 1.0923296439
5.0 2.40676 478.2323604 1.06813480018
5.0 2.40413 477.7318977 1.02458408149
5.0 2.4015 477.231435 1.08620028349
5.0 2.39887 476.7309723 1.03619760647
5.0 2.39624 476.2305096 1.02942305023
5.0 2.39361 475.7300469 1.08587768557
5.0 2.39098 475.2295842 1.07523195434
5.0 2.38835 474.7291215 1.04490775021
5.0 2.38572 474.2286588 1.01555133983
5.0 2.38309 473.7281961 1.0426495648
5.0 2.38046 473.2277334 0.994905073196
5.0 2.37783 472.7272707 0.954902931582
5.0 2.3752 472.226808 0.928127304534
5.0 2.37257 471.7263453 1.02232589608
5.0 2.36994 471.2258826 1.04845632729
5.0 2.36731 470.7254199 1.02329368982
5.0 2.36468 470.2249572 0.996518062777
5.0 2.36205 469.7244945 0.964580869069
5.0 2.35942 469.2240318 0.997485856526
5.0 2.35679 468.7235691 0.98167855863
5.0 2.35416 468.2231064 0.932643675362
5.0 2.35153 467.7226437 0.971678023227
5.0 2.3489 467.222181 0.797797746374
5.0 2.34627 466.7217183 0.922965737875
5.0 2.34364 466.2212556 0.902964667068
5.0 2.34101 465.7207929 0.999744041939
5.0 2.33838 465.2203302 0.977162187803
5.0 2.33575 464.7198675 0.911029614974
5.0 2.33312 464.2194048 0.870704875444
5.0 2.33049 463.7189421 0.949418767006
5.0 2.32786 463.2184794 0.884899183759
5.0 2.32523 462.7180167 0.83586430049
5.0 2.3226 462.217554 0.822637785925
5.0 2.31997 461.7170913 0.895867512911
5.0 2.31734 461.2166286 0.866833700449
5.0 2.31471 460.7161659 0.831993125496
5.0 2.31208 460.2157032 0.817476219265
5.0 2.30945 459.7152405 0.849736010889
5.0 2.30682 459.2147778 0.807153085945
5.0 2.30419 458.7143151 0.817798817181
5.0 2.30156 458.2138524 0.780054860981
5.0 2.29893 457.7133897 0.725535813137
5.0 2.2963 457.212927 0.742956100614
5.0 2.29367 456.7124643 0.693276021513
5.0 2.29104 456.2120016 0.641337756999
5.0 2.28841 455.7115389 0.68327548611
5.0 2.28578 455.2110762 0.692953423597
5.0 2.28315 454.7106135 0.672307156958
5.0 2.28052 454.2101508 0.6652100028
5.0 2.27789 453.7096881 0.641660354915
5.0 2.27526 453.2092254 0.619078500778
5.0 2.27263 452.7087627 0.654241673648
5.0 2.27 452.2083 0.535525640473
5.0 2.26737 451.7078373 0.574882586254
5.0 2.26474 451.2073746 0.54778436129
5.0 2.26211 450.7069119 0.446811213507
5.0 2.25948 450.2064492 0.565849844599
5.0 2.25685 449.7059865 0.551655536285
5.0 2.25422 449.2055238 0.465844490565
5.0 2.25159 448.7050611 0.495200900943
5.0 2.24896 448.2045984 0.395518144825
5.0 2.24633 447.7041357 0.420358184376
5.0 2.2437 447.203673 0.310029697022
5.0 2.24107 446.7032103 0.383904619841
5.0 2.23844 446.2027476 0.288738234551
5.0 2.23581 445.7022849 0.282286276226
5.0 2.23318 445.2018222 0.28712524497
5.0 2.23055 444.7013595 0.213572920067
5.0 2.22792 444.2008968 0.260027020006
5.0 2.22529 443.7004341 0.167441418045
5.0 2.22266 443.1999714 0.151311522233
5.0 2.22003 442.6995087 0.11647094728
5.0 2.2174 442.199046 -0.0270851254463
5.0 2.21477 441.6985833 0.016788191162
5.0 2.21214 441.1981206 -0.0638612878975
5.0 2.20951 440.6976579 -0.0190201775404
5.0 2.20688 440.1971952 -0.0819267712068
5.0 2.20425 439.6967325 -0.179673939827
5.0 2.20162 439.1962698 -0.276453314698
5.0 2.19899 438.6958071 -0.231934802257
5.0 2.19636 438.1953444 -0.282905273023
5.0 2.19373 437.6948817 -0.297099581338
5.0 2.1911 437.194419 -0.429687324911
5.0 2.18847 436.6939563 -0.416783408262
5.0 2.18584 436.1934936 -0.455817756127
5.0 2.18321 435.6930309 -0.522272926872
5.0 2.18058 435.1925682 -0.574211191386
5.0 2.17795 434.6921055 -0.642601949628
5.0 2.17532 434.1916428 -0.776157486951
5.0 2.17269 433.6911801 -0.768092539045
5.0 2.17006 433.1907174 -0.847774224356
5.0 2.16743 432.6902547 -0.887453768053
5.0 2.1648 432.189792 -0.9022932722
5.0 2.16217 431.6893293 -1.06423742615
5.0 2.15954 431.1888666 -1.24069848633
5.0 2.15691 430.6884039 -1.23360133218
5.0 2.15428 430.1879412 -1.28715258627
5.0 2.15165 429.6874785 -1.38264156948
5.0 2.14902 429.1870158 -1.44619335898
5.0 2.14639 428.6865531 -1.59587879211
5.0 2.14376 428.1860904 -1.64749445871
5.0 2.14113 427.6856277 -1.74943540024
5.0 2.1385 427.185165 -1.87718417507
5.0 2.13587 426.6847023 -1.95654326247
5.0 2.13324 426.1842396 -2.03945092694
5.0 2.13061 425.6837769 -2.14429524972
5.0 2.12798 425.1833142 -2.2294610996
5.0 2.12535 424.6828515 -2.45721522847
5.0 2.12272 424.1823888 -2.57141489082
5.0 2.12009 423.6819261 -2.50141114299
5.0 2.11746 423.1814634 -2.56818891165
5.0 2.11483 422.6810007 -2.75723129057
5.0 2.1122 422.180538 -2.82691244048
5.0 2.10957 421.6800753 -3.0062768819
5.0 2.10694 421.1796126 -2.98595321318
5.0 2.10431 420.6791499 -3.1333804609
5.0 2.10168 420.1786872 -3.1711244171
5.0 2.09905 419.6782245 -3.34629508562
5.0 2.09642 419.1777618 -3.49404493126
5.0 2.09379 418.6772991 -3.43500951258
5.0 2.09116 418.1768364 -3.55824191659
5.0 2.08853 417.6763737 -3.52146575414
5.0 2.0859 417.175911 -3.6240518915
5.0 2.08327 416.6754483 -3.73115439969
5.0 2.08064 416.1749856 -3.78406045795
5.0 2.07801 415.6745229 -3.86406474118
5.0 2.07538 415.1740602 -3.78825423087
5.0 2.07275 414.6735975 -3.83535352664
5.0 2.07012 414.1731348 -3.77825369546
5.0 2.06749 413.6726721 -3.78825423087
5.0 2.06486 413.1722094 -3.77599551005
5.0 2.06223 412.6717467 -3.79277060169
5.0 2.0596 412.171284 -3.80793270376
5.0 2.05697 411.6708213 -3.67534496018
5.0 2.05434 411.1703586 -3.58953391446
5.0 2.05171 410.6698959 -3.3895232064
5.0 2.04908 410.1694332 -3.24951571075
5.0 2.04645 409.6689705 -3.29113084194
5.0 2.04382 409.1685078 -3.07466764015
5.0 2.04119 408.6680451 -2.83691297588
5.0 2.03856 408.1675824 -2.66948465735
5.0 2.03593 407.6671197 -2.39140525355
5.0 2.0333 407.166657 -2.1678448976
5.0 2.03067 406.6661943 -2.15171500179
5.0 2.02804 406.1657316 -1.83750463137
5.0 2.02541 405.6652689 -1.51587450888
5.0 2.02278 405.1648062 -1.24747304257
5.0 2.02015 404.6643435 -0.935520857573
5.0 2.01752 404.1638808 -0.608729168423
5.0 2.01489 403.6634181 -0.568081830977
5.0 2.01226 403.1629554 -0.288389437599
5.0 2.00963 402.6624927 0.117438741028
5.0 2.007 402.16203 0.400357113569
5.0 2.00437 401.6615673 0.772635108908
5.0 2.00174 401.1611046 1.11233071471
5.0 1.99911 400.6606419 1.12910580635
5.0 1.99648 400.1601792 1.46105906216
5.0 1.99385 399.6597165 1.73494469305
5.0 1.99122 399.1592538 2.00237836561
5.0 1.98859 398.6587911 2.34529995057
5.0 1.98596 398.1583284 2.37046258803
5.0 1.98333 397.6578657 2.55434340029
5.0 1.9807 397.157403 2.75241852086
5.0 1.97807 396.6569403 2.98404382472
5.0 1.97544 396.1564776 3.2398639723
5.0 1.97281 395.6560149 3.42019620747
5.0 1.97018 395.1555522 3.36761274713
5.0 1.96755 394.6550895 3.6511763155
5.0 1.96492 394.1546268 3.75021387578
5.0 1.96229 393.6541641 4.00635662128
5.0 1.95966 393.1537014 3.96958045883
5.0 1.95703 392.6532387 4.09184506908
5.0 1.9544 392.152776 4.18023689813
5.0 1.95177 391.6523133 4.18088209396
5.0 1.94914 391.1518506 4.25056324387
5.0 1.94651 390.6513879 4.32605115627
5.0 1.94388 390.1509252 4.36411771039
5.0 1.94125 389.6504625 4.38895774994
5.0 1.93862 389.1499998 4.3683114833
5.0 1.93599 388.6495371 4.37766682287
5.0 1.93336 388.1490744 4.41831416031
5.0 1.93073 387.6486117 4.43218587071
5.0 1.9281 387.148149 4.39734529576
5.0 1.92547 386.6476863 4.33347090834
5.0 1.92284 386.1472236 4.400248677
5.0 1.92021 385.6467609 4.37186006038
5.0 1.91758 385.1462982 4.277016273
5.0 1.91495 384.6458355 4.28024225216
5.0 1.91232 384.1453728 4.25249883137
5.0 1.90969 383.6449101 4.21765825641
5.0 1.90706 383.1444474 4.18378547521
5.0 1.90443 382.6439847 4.14087995235
5.0 1.9018 382.143522 4.09313546075
5.0 1.89917 381.6430593 4.06861801911
5.0 1.89654 381.1425966 4.02732548583
5.0 1.89391 380.6421339 4.03022886708
5.0 1.89128 380.1416712 3.95764433593
5.0 1.88865 379.6412085 3.80570071738
5.0 1.88602 379.1407458 3.84408986941
5.0 1.88339 378.6402831 3.76989234868
5.0 1.88076 378.1398204 3.73376138206
5.0 1.87813 377.6393577 3.70537276543
5.0 1.8755 377.138895 3.72311565082
5.0 1.87287 376.6384323 3.54504160106
5.0 1.87024 376.1379696 3.55504213646
5.0 1.86761 375.6375069 3.50471686153
5.0 1.86498 375.1370442 3.49374853238
5.0 1.86235 374.6365815 3.43697129912
5.0 1.85972 374.1361188 3.3353529555
5.0 1.85709 373.6356561 3.3769680867
5.0 1.85446 373.1351934 3.27664013475
5.0 1.85183 372.6347307 3.24179955979
5.0 1.8492 372.134268 3.18405453279
5.0 1.84657 371.6338053 3.14308459742
5.0 1.84394 371.1333426 3.10017907456
5.0 1.84131 370.6328799 3.00565788511
5.0 1.83868 370.1324172 3.03017532674
5.0 1.83605 369.6319545 3.03824027465
5.0 1.83342 369.1314918 3.01178724552
5.0 1.83079 368.6310291 2.94371908519
5.0 1.82816 368.1305664 2.81726070202
5.0 1.82553 367.6301037 2.81048614578
5.0 1.8229 367.129641 2.82209967077
5.0 1.82027 366.6291783 2.77370998333
5.0 1.81764 366.1287156 2.74661175837
5.0 1.81501 365.6282529 2.71693275007
5.0 1.81238 365.1277902 2.63434768352
5.0 1.80975 364.6273275 2.72725588339
5.0 1.80712 364.1268648 2.64660640433
5.0 1.80449 363.6264021 2.59144216066
5.0 1.80186 363.1259394 2.58853877941
5.0 1.79923 362.6254767 2.53982649406
5.0 1.7966 362.125014 2.54789144197
5.0 1.79397 361.6245513 2.44595050043
5.0 1.79134 361.1240886 2.45078946918
5.0 1.78871 360.6236259 2.36755920679
5.0 1.78608 360.1231632 2.40401277132
5.0 1.78345 359.6227005 2.40465796716
5.0 1.78082 359.1222378 2.27690919233
5.0 1.77819 358.6217751 2.24529459653
5.0 1.77556 358.1213124 2.26432787359
5.0 1.77293 357.6208497 2.35368749639
5.0 1.7703 357.120387 2.21174441325
5.0 1.76767 356.6199243 2.22013195907
5.0 1.76504 356.1194616 2.1352887071
5.0 1.76241 355.6189989 2.23755224654
5.0 1.75978 355.1185362 2.15658016957
5.0 1.75715 354.6180735 2.18367839453
5.0 1.75452 354.1176108 2.16335472581
5.0 1.75189 353.6171481 2.13948248001
5.0 1.74926 353.1166854 2.13109493419
5.0 1.74663 352.6162227 2.09722215298
5.0 1.744 352.11576 2.19851789868
5.0 1.74137 351.6152973 2.07722108217
5.0 1.73874 351.1148346 1.94689152401
5.0 1.73611 350.6143719 2.02625061141
5.0 1.73348 350.1139092 2.01270149893
5.0 1.73085 349.6134465 2.0578652072
5.0 1.72822 349.1129838 1.93882657611
5.0 1.72559 348.6125211 1.91979329905
5.0 1.72296 348.1120584 1.89398546575
5.0 1.72033 347.6115957 1.94140735944
5.0 1.7177 347.111133 1.86559684912
5.0 1.71507 346.6106703 1.83946641791
5.0 1.71244 346.1102076 1.8472087679
5.0 1.70981 345.6097449 1.84204720124
5.0 1.70718 345.1092822 1.89753404283
5.0 1.70455 344.6088195 1.90850237198
5.0 1.70192 344.1083568 1.8672098387
5.0 1.69929 343.6078941 1.83978901582
5.0 1.69666 343.1074314 1.88043635327
5.0 1.69403 342.6069687 1.86753243662
5.0 1.6914 342.106506 1.81591677002
5.0 1.68877 341.6060433 1.77107565966
5.0 1.68614 341.1055806 1.75042939303
5.0 1.68351 340.6051179 1.78075359715
5.0 1.68088 340.1046552 1.76946267008
5.0 1.67825 339.6041925 1.78043099924
5.0 1.67562 339.1037298 1.72655714722
5.0 1.67299 338.6032671 1.72526675556
5.0 1.67036 338.1028044 1.71526622016
5.0 1.66773 337.6023417 1.67171550146
5.0 1.6651 337.101879 1.76817227842
5.0 1.66247 336.6014163 1.77655982424
5.0 1.65984 336.1009536 1.67494148063
5.0 1.65721 335.6004909 1.69171657227
5.0 1.65458 335.1000282 1.60590552655
5.0 1.65195 334.5995655 1.70945945766
5.0 1.64932 334.0991028 1.67429628479
5.0 1.64669 333.5986401 1.70913685975
5.0 1.64406 333.0981774 1.66042457439
5.0 1.64143 332.5977147 1.6407461015
5.0 1.6388 332.097252 1.67365108896
5.0 1.63617 331.5967893 1.6288099786
5.0 1.63354 331.0963266 1.68978098477
5.0 1.63091 330.5958639 1.64429467858
5.0 1.62828 330.0954012 1.66010197648
5.0 1.62565 329.5949385 1.58654965158
5.0 1.62302 329.0944758 1.67655447021
5.0 1.62039 328.5940131 1.67461888271
5.0 1.61776 328.0935504 1.55590284953
5.0 1.61513 327.5930877 1.6068733203
5.0 1.6125 327.092625 1.62397100986
5.0 1.60987 326.5921623 1.59848577448
5.0 1.60724 326.0916996 1.62655179319
5.0 1.60461 325.5912369 1.59332420782
5.0 1.60198 325.0907742 1.55622544745
5.0 1.59935 324.5903115 1.60655072238
5.0 1.59672 324.0898488 1.52170747041
5.0 1.59409 323.5893861 1.52525604749
5.0 1.59146 323.0889234 1.52815942874
5.0 1.58883 322.5884607 1.58171068283
5.0 1.5862 322.087998 1.5830010745
5.0 1.58357 321.5875353 1.50009341002
5.0 1.58094 321.0870726 1.55396726204
5.0 1.57831 320.5866099 1.48073753505
5.0 1.57568 320.0861472 1.54461192247
5.0 1.57305 319.5856845 1.55751583911
5.0 1.57042 319.0852218 1.46138166008
5.0 1.56779 318.5847591 1.4797697413
5.0 1.56516 318.0842964 1.51138433709
5.0 1.56253 317.5838337 1.48073753505
5.0 1.5599 317.083371 1.49622223503
5.0 1.55727 316.5829083 1.45847827883
5.0 1.55464 316.0824456 1.51525551209
5.0 1.55201 315.5819829 1.48622169963
5.0 1.54938 315.0815202 1.47299518506
5.0 1.54675 314.5810575 1.49944821419
5.0 1.54412 314.0805948 1.41492756014
5.0 1.54149 313.5801321 1.47686636006
5.0 1.53886 313.0796694 1.48751209129
5.0 1.53623 312.5792067 1.48106013297
5.0 1.5336 312.078744 1.4658980309
5.0 1.53097 311.5782813 1.37944178935
5.0 1.52834 311.0778186 1.44847774343
5.0 1.52571 310.5773559 1.48622169963
5.0 1.52308 310.0768932 1.40105584974
5.0 1.52045 309.5764305 1.48041493713
5.0 1.51782 309.0759678 1.47460817464
5.0 1.51519 308.5755051 1.45976867049
5.0 1.51256 308.0750424 1.4400901976
5.0 1.50993 307.5745797 1.42363770388
5.0 1.5073 307.074117 1.42847667262
5.0 1.50467 306.5736543 1.51202953293
5.0 1.50204 306.0731916 1.43525122886
5.0 1.49941 305.5727289 1.44460656843
5.0 1.49678 305.0722662 1.37653840811
5.0 1.49415 304.5718035 1.37169943936
5.0 1.49152 304.0713408 1.46105906216
5.0 1.48889 303.5708781 1.39492648933
5.0 1.48626 303.0704154 1.39299090183
5.0 1.48363 302.5699527 1.4717047934
5.0 1.481 302.06949 1.4200891268
5.0 1.47837 301.5690273 1.42912186845
5.0 1.47574 301.0685646 1.37782879977
5.0 1.47311 300.5681019 1.39879766433
5.0 1.47048 300.0676392 1.33169729775
5.0 1.46785 299.5671765 1.396216881
5.0 1.46522 299.0667138 1.38589374768
5.0 1.46259 298.5662511 1.41331457056
5.0 1.45996 298.0657884 1.40202364349
5.0 1.4583 297.749907 1.38299036643
5.0 1.4283 292.041207 1.37331242894
5.0 1.3983 286.332507 1.36621527479
5.0 1.3683 280.623807 1.35395655397
5.0 1.3383 274.915107 1.33234249358
5.0 1.3083 269.206407 1.28975956864
5.0 1.2783 263.497707 1.32782612275
5.0 1.2483 257.789007 1.38202257268
5.0 1.2183 252.080307 1.38169997477
5.0 1.1883 246.371607 1.24814443744
5.0 1.1583 240.662907 1.29750191863
5.0 1.1283 234.954207 1.24169247912
5.0 1.0983 229.245507 1.21878802706
5.0 1.0683 223.536807 1.32169676234
5.0 1.0383 217.828107 1.26040315826
5.0 1.0083 212.119407 1.2513704166
5.0 0.9783 206.410707 1.19491578126
5.0 0.9483 200.702007 1.33879445191
